1120505880006667920050  000000102500000000000000000000001025000
1120505880006667921718  000000105300100000000000000000001053001
1120505880006667921732  000000010200000000000000000000000102000
1120505880006667922330  000000001100000000000000000000000011000
1120505880006667922596  000000001000000000000000000000000010000
1120505880006667923229  000000010200000000000000000000000102000
1120505880006667925457  000000000800000000000000000000000008000
1120505880006667925880  000000001000000000000000000000000010000
1120505880011111100050  000000099800000000000000000000000998000
11205058800111111000633L000000000100000000000000000000000001000
11205058800111111002001S000000001000000000000000000000000010000
1120505880011111101604  000000001200000000000000000000000012000
1120505880011111101718  000000095500000000000000000000000955000
1120505880011111101732  000000009700000000000000000000000097000
1120505880011111101737  000000000200000000000000000000000002000
1120505880011111101808  000000000200000000000000000000000002000
1120505880011111102002  000000001000000000000000000000000010000
1120505880011111102361  000000000700000000000000000000000007000
1120505880011111103229  000000008900000000000000000000000089000
1120505880011111103264  000000001100000000000000000000000011000
1120505880011111103324  000000000200000000000000000000000002000
1120505880011111231732  000000001000000000000000000000000010000
1120505880011111233229  000000001000000000000000000000000010000
1120505880011111491732  000000000400000000000000000000000004000
1120505880011111491737  000000000200000000000000000000000002000
1120505880011111491742  000000000200000000000000000000000002000
1120505880011111491808  000000000200000000000000000000000002000
1120505880011111521220  000000000200000000000000000000000002000
1120505880011111521271  000000000500000000000000000000000005000
1120505880011111521732  000000000400000000000000000000000004000
1120505880011111521737  000000000200000000000000000000000002000
1120505880011111521742  000000000200000000000000000000000002000
1120505880011111521808  000000000200000000000000000000000002000
1120505880011111522246  000000000300000000000000000000000003000
1120505880011111522303  000000005000000000000000000000000050000
1120505880011111522330  000000001298800000000000000000000012993
1120505880011111522393  000000000200000000000000000000000002000
1120505880011111522412  000000000600000000000000000000000006000
1120505880011111522834  000000000800000000000000000000000008000
1120505880011111522845  000000000200000000000000000000000002000
1120505880011111522881  000000005300000000000000000000000053000
1120505880011111522883  000000001000000000000000000000000010000
1120505880011111522887  000000000200000000000000000000000002000
1120505880011111522888  000000000200000000000000000000000002000
1120505880011111522890  000000000800000000000000000000000008000
1120505880011111528069  000000000299000000000000000000000002990
1120505880011111651101  000000000400000000000000000000000004000
1120505880011111651218  000000000500000000000000000000000005000
1120505880011111651732  000000000400000000000000000000000004000
1120505880011111652453  000000000100000000000000000000000001000
1120505880011111652890  000000000200000000000000000000000002000
1120505880011111653083  000000000200000000000000000000000002000
1120505880011111653264  000000000300000000000000000000000003000
1120505880011111654707  000000000100000000000000000000000001000
1120505880011111811732  000000000200000000000000000000000002000
1120505880011112201101  000000000200000000000000000000000002000
1120505880011112201732  000000010200000000000000000000000102000
1120505880011112203229  000000010200000000000000000000000102000
1120505880098127250050  000000002012900000000000000000000020129
11205058800981272500631L000000000010000000000000000000000000100
11205058800981272500633L000000007100000000000000000000000071000
1120505880098127251102  000000000100000000000000000000000001000
1120505880098127251103  000000000100000000000000000000000001000
1120505880098127251218  000000300100000000000000000000003001000
1120505880098127251234  000000009599900000000000000000000095999
1120505880098127251451  000000002000000000000000000000000020000
1120505880098127252002  000000299400000000000000000000002994000
1120505880098127252303  000000300600000000000000000000003006000
1120505880098127252324  000000000600000000000000000000000006000
1120505880098127252327  000000000300000000000000000000000003000
1120505880098127252330  000000427100600000000000000000004271006
1120505880098127252368  000000000100000000000000000000000001000
1120505880098127252376  000000000900000000000000000000000009000
1120505880098127252409  000000000100000000000000000000000001000
1120505880098127252475  000000005000000000000000000000000050000
1120505880098127252542  000000000400000000000000000000000004000
1120505880098127252880  000000490700000000000000000000004907000
1120505880098127252881  000000000100000000000000000000000001000
1120505880098127252883  000000010600000000000000000000000106000
1120505880098127252885  000000000700000000000000000000000007000
1120505880098127252886  000000000200000000000000000000000002000
1120505880098127252887  000000299800000000000000000000002998000
1120505880098127252888  000000000600000000000000000000000006000
1120505880098127253037  000000000100000000000000000000000001000
1120505880098127253085  000000005000000000000000000000000050000
1120505880098127253438  000000005100000000000000000000000051000
1120505880098127253481  000000003500000000000000000000000035000
1120505880098127255347  000000000300000000000000000000000003000
1120505880098127255388  000000000100000000000000000000000001000
1120505880098127255609  000000005000000000000000000000000050000
1120505880098127256244  000000003700000000000000000000000037000
112050588009812725AU9901000000000004000000000000000000000000040
1120505880098172961102  000000001800000000000000000000000018000
1120505880098172961217  000000000300000000000000000000000003000
1120505880098172961314  000000000700000000000000000000000007000
1120505880098172961417  000000001000000000000000000000000010000
1120505880098172961802  000000000500000000000000000000000005000
1120505880098172962027  000000000500000000000000000000000005000
1120505880098172962311  000000002700000000000000000000000027000
1120505880098172962317  000000000400000000000000000000000004000
1120505880098172962453  000000043900000000000000000000000439000
1120505880098172962880  000000001200000000000000000000000012000
1120505880098172962884  000000000300000000000000000000000003000
1120505880098172962887  000000003200000000000000000000000032000
1120505880098172962888  000000000200000000000000000000000002000
1120505880098172962891  000000000200000000000000000000000002000
112050588009817296AU9901000000000002000000000000000000000000020
1120505880098245220050  000000000003500000000000000000000000035
1120505880098245221101  000000000000100000000000000000000000001
1120505880098245221234  000000000100100000000000000000000001001
1120505880098245222368  000000000090500000000000000000000000905
1120505880098245222412  000000000010000000000000000000000000100
1120505880098245223008  000000000500000000000000000000000005000
1120505880098245225478  000000000001200000000000000000000000012
1120505880098248940050  000000050009000000000000000000000500090
11205058800982489400633L000000002000000000000000000000000020000
1120505880098248941101  000000001401600000000000000000000014016
1120505880098248941103  000000000500000000000000000000000005000
1120505880098248941301  000000046900000000000000000000000469000
1120505880098248941303  000000004800000000000000000000000048000
1120505880098248941515  000000002000000000000000000000000020000
1120505880098248942002  000000008787000000000000000000000087870
1120505880098248942303  000000000611700000000000000000000006117
1120505880098248942330  000000049700400000000000000000000497004
1120505880098248942368  000000000010000000000000000000000000100
1120505880098248942412  000000005590000000000000000000000055900
1120505880098248942801  000000000800000000000000000000000008000
1120505880098248942845  000000008800000000000000000000000088000
1120505880098248942880  000000000500000000000000000000000005000
1120505880098248942881  000000000314800000000000000000000003148
1120505880098248942882  000000001204800000000000000000000012048
1120505880098248942883  000000011300000000000000000000000113000
1120505880098248942884  000000000500000000000000000000000005000
1120505880098248942885  000000000100000000000000000000000001000
1120505880098248942886  000000002800000000000000000000000028000
1120505880098248942887  000000001500000000000000000000000015000
1120505880098248942888  000000046000000000000000000000000460000
1120505880098248942889  000000006100000000000000000000000061000
1120505880098248942890  000000002900000000000000000000000029000
1120505880098248942891  000000009301300000000000000000000093013
1120505880098248943026  000000144300000000000000000000001443000
11205058800982515200631L000000000020000000000000000000000000200
1120505880098251521319  000000000200000000000000000000000002000
1120505880098251521524  000000000100000000000000000000000001000
1120505880098251521777  000000000200000000000000000000000002000
1120505880098251522327  000000000300000000000000000000000003000
1120505880098251525347  000000000400000000000000000000000004000
1120505932600000280050  000000000055000000000000000000000000550
1120505932600000280051  000000000015200000000000000000000000152
1120505932600000280052  000000000012900000000000000000000000129
1120505932600000280061  000000000050900000000000000000000000509
1120505932600000282301  000000001998000000000000000000000019980
1120505932600000282610  000000000059800000000000000000000000598
1120505932600000282881  000000000400100000000000000000000004001
1120505932600000285457  000000001200000000000000000000000012000
1120505932600000288163  000000001000000000000000000000000010000
